0101001
0010110
0000100
1010001
1011101
0010001
1010101
1000001
1011001
0100011
1000001
0110000
0100000
0000111
0000000
0010101
0010110
1100100
1001000
0100010
0000010
1001000
1100010
0100100
1001010
1001100
1110010
1010000
1111001
0100000
0100100
1000000
0000000
0000000
0000000
1101101
1000000
1100100
0100000
1110010
0110110
0001100
0110000
1100001
0111011
0011000
0110100
1011001
0100100
0001110
0000110
0000000
0000000
0000000
0000000
0000000
0001000
0010110
0010000
0100000
1010000
0000000
0000000
0001010
1000010
1010110
0001000
0111000
0000000
0000000
0000000
0000000
0000000
0000000
0000000
0000000
0000000
0000000
0100000
0011010
0010010
0000000
1010000
0000000
0000000
0111101
0000110
0100010
0000000
0101100
0000000
0000000
0000000
0000000
0000000
0000000
0000000
0000000
0000000
0000000
0100000
0100110
0000000
0000000
0000000
0000000
0000000
0000000
0000000
0000001
0000001
0011000
0000100
0001101
0000000
0001011
0010000
0000000
0000000
0000001
1010010
0000000
0000010
1100100
0000000
0000000
0000000
0000000
0000000
0000000
0000000
0000000
0000000
0000000
0000000
0000000
0000000
0000000
0000000
0000000
0000000
0000000
0000000
0000000
0000000
0000000
0000000
0000000
0000000
0000000
0000000
0000000
0000000
0000000
0000001
0000100
1100010
1001000
1001010
1001110
1011010
1010010
0110111
0000000
0101110
0000000
0000000
0000000
0000000
1111110
1100110
1110111
0001000
1110010
0111000
1101100
0110011
0010011
0111011
0101000
0111001
0010010
0110100
0001101
1010100
0000000
0001110
0000000
0000000
0000000
0001110
1000001
1001101
0010111
1001100
1000111
0101010
0110100
0111100
0100100
1101010
1010101
0000001
1010100
0100000
0000101
1000000
0000000
0000000
0000000
0000000
0000000
0000000
0000000
0000000
0000000
0000000
0000000
0000000
0000000
0000000
0000000
0000000
0000000
0000000
0000000
1110100
0000100
1000001
1000001
1101000
0000000
0000000
0001001
0101111
1110101
0100000
0111110
0000000
0000000
0000000
0000000
0000000
0000000
0000000
0000010
0000000
0000011
1101000
0001110
0010000
0000010
1100000
0000000
0000000
1101001
0101011
0001100
0000000
1000100
0000001
1110111
1011111
1111111
1111011
1111111
1111111
0111111
0000011
1010000
0000000
0000000
0000000
0000000
0000000
0000000
0000000
0000000
0000000
0000000
0000000
0000000
0010000
0010011
0000000
0100100
0110101
0000000
0011000
0010111
0011111
0100111
0100011
0111101
0010011
0011001
1010001
0100001
1001000
0000000
0000000
0000000
0000000
0000000
1010000
0101000
0000000
0000000
0000000
0000000
0000001
0000000
0000011
1000010
0000001
1010000
0000000
0000000
0110100
0000001
0110000
1000000
0110100
0000000
0000010
0000000
0100000
0111000
0000011
0001000
1000000
0000101
1001000
1100100
1111010
0010101
0000000
0100011
0100000
0011100
0000100
0110111
1100000
0101000
1001000
0000000
0000000
0000000
0000000
0000000
0000000
0000000
0000000
0000000
0000000
0000000
0000000
0000000
0000000
0000000
0000000
0000000
0000000
0000000
0000000
0000000
0000000
0000000
0000000
0000000
0000000
0000000
0000000
0000000
0001001
0100000
1001010
1010100
0011101
1100100
1011111
0010001
1000001
1010001
0000000
0010110
0000000
0000000
0000000
0010000
0011100
0000000
0000000
0000000
0000000
0000000
0000000
0000000
0000000
0000000
0000000
0000000
0000000
0110000
0011011
1010000
0110010
0010000
0110001
1000011
0000000
0000000
0000000
0000000
0000000
0000000
0000000
0000000
0000000
0000000
0000000
0000000
0000000
0000000
0000000
0000000
0000000
0000000
0000000
0000000
0000000
0000000
0000000
0000000
0000000
0000000
0000000
0000000
0000000
0000000
0000000
0000000
0000000
0000000
0000000
0000000
0000000
0000000
0000000
0000000
0000000
0000000
0000000
0000000
0000000
0000000
0000000
0000000
0000000
0000000
0000000
0000000
0000000
0000000
0000000
0000000
0000000
0000000
0000000
0000000
0000000
0000000
0000000
0000000
0000000
0000000
0000000
0000000
0000000
0000000
0000000
0000000
0000000
0000000
0000000
0000000
0000000
0000000
0000000
0000000
0000000
0000000
0000000
0000000
0000000
0000000
0000000
0000000
0000000
0000000
0000000
0000000
0000000
0000000
0000000
0000100
0000000
0000000
0000000
0000000
0000000
0000000
0000000
0000000
0000000
0000000
0000000
0000000
0000000
0000000
0000000
0000000
0000000
0000000
0000000
0000000
0000000
0000000
0000000
0000000
0000000
0000000
0000000
0000000
0000000
0000000
0000000
0000000
0000000
0000000
0000000
0000000
0000000
0000000
0000000
0000000
0000000
0000000
0000000
0000000
0000000
0000000
0000000
0000000
0000000
0000000
0000000
0000000
0000000
0000000
0000000
0000010
0000000
0000000
0000000
0000000
0000000
0000000
0000000
0000000
0000000
0000000
0000000
0000000
0000000
0000000
0000000
0000000
0000000
0000000
0000000
0000000
0000000
0000000
0000000
0000000
0000000
0000000
0000000
0000000
0000000
0000000
0000000
0000000
0000000
0000000
0000000
0000000
0000000
0000000
0000000
0000000
0000000
0000000
0000000
0000000
0000000
0000000
0000000
0000000
0000000
0000000
0000000
0000000
0000000
0000000
0000000
0000000
0000000
0000000
0000000
0000000
0000000